471
448
447
465
468
475
463
462
468
463
465
471
472
455
461
463
473
462
446
451
459
469
473
476
482
480
479
483
481
486
484
482
478
471
463
456
445
446
441
433
433
427
423
423
418
423
424
424
424
422
426
428
424
428
427
427
428
425
427
431
428
433
432
431
431
430
432
431
427
428
425
427
435
431
432
434
430
435
431
431
433
431
430
432
430
435
434
433
434
430
434
435
431
434
433
431
435
433
437
438
432
435
433
435
436
432
432
434
431
436
435
435
436
432
435
433
428
434
431
429
433
432
433
434
432
435
431
431
434
432
433
431
429
433
429
432
434
430
433
431
429
429
425
427
427
424
429
429
425
431
427
428
431
429
432
429
427
428
427
424
428
424
428
425
424
427
424
424
425
427
429
428
427
429
425
428
428
425
429
428
426
433
429
428
430
426
432
434
432
435
432
431
435
431
432
428
427
432
427
428
430
429
433
429
428
431
428
432
432
430
432
430
429
433
430
433
431
426
430
429
429
434
427
428
427
425
430
428
429
434
433
439
437
427
432
429
431
434
435
431
428
428
433
430
434
429
426
431
431
433
437
427
432
434
433
441
434
433
437
435
440
442
429
432
433
432
435
432
425
429
428
435
435
435
431
429
430
432
430
437
427
428
432
432
432
435
436
443
443
446
450
436
438
440
439
445
441
432
435
433
438
441
439
433
434
436
444
442
446
437
436
442
441
444
445
441
446
446
445
452
444
446
448
444
449
448
442
447
445
447
451
448
447
448
446
451
447
447
445
440
445
444
445
440
437
438
444
443
448
439
438
444
441
443
445
432
439
440
442
451
445
438
443
440
443
447
447
442
437
439
442
441
448
449
446
453
447
450
449
445
450
449
449
455
447
446
445
442
445
442
438
446
443
447
448
441
440
440
443
447
443
448
451
448
454
452
450
455
449
452
451
448
449
444
443
441
439
444
443
440
445
444
444
447
442
443
443
443
447
440
436
440
434
435
437
434
439
437
439
444
439
443
435
437
446
442
444
446
436
444
443
441
446
443
439
443
439
444
444
443
446
440
441
444
438
441
441
440
443
439
441
444
440
445
441
440
445
443
442
442
437
443
442
440
445
440
442
444
440
442
439
438
440
436
442
442
437
440
440
437
442
439
438
440
434
437
438
436
440
437
437
438
437
441
439
434
440
434
436
436
433
440
436
439
443
436
439
442
436
440
437
435
439
435
437
437
434
440
437
436
439
433
437
439
436
442
438
437
440
437
440
440
438
444
438
439
439
435
438
438
436
444
440
442
448
444
444
443
443
445
428
413
408
400
402
403
401
404
399
396
388
377
383
401
407
404
392
393
397
391
407
419
411
416
421
426
410
398
399
403
404
422
428
444
469
503
605
578
575
606
615
636
643
703
740
684
666
778
844
984
983
977
832
799
724
672
575
532
511
492
481
493
563
644
736
821
885
941
982
983
983
983
972
880
742
690
774
851
728
659
741
753
743
719
688
672
645
592
564
543
512
507
489
472
463
492
505
519
559
553
618
682
702
697
671
612
653
620
586
649
622
647
648
626
653
604
581
578
575
564
533
511
492
472
476
464
463
469
516
583
636
663
701
698
680
643
691
684
614
605
603
599
666
688
655
594
581
580
581
581
567
552
530
539
516
499
486
506
489
482
471
472
489
525
544
531
549
508
531
550
515
563
619
635
587
626
727
710
623
596
582
583
580
598
570
570
543
539
546
506
506
499
487
482
477
474
479
468
463
464
477
451
472
450
479
453
432
423
412
404
401
396
403
415
429
420
422
415
408
423
439
443
442
424
428
430
435
434
432
434
437
437
440
445
442
437
437
413
413
425
427
433
430
433
437
432
433
435
431
438
436
433
437
433
433
437
433
435
432
429
431
429
432
432
428
430
428
428
431
427
428
427
426
430
427
425
428
422
425
426
421
423
420
423
428
422
424
423
421
424
425
425
427
421
422
424
419
422
420
420
422
422
424
427
421
424
420
423
424
419
421
421
416
424
421
419
420
415
418
420
416
419
416
416
420
419
421
421
421
426
419
417
422
419
424
427
416
424
425
426
429
427
425
427
424
430
430
430
428
427
433
435
434
436
434
436
436
432
435
434
431
433
427
430
429
430
432
428
427
432
428
433
434
431
432
428
425
431
428
431
429
425
431
430
430
431
426
430
431
426
427
425
426
433
428
428
429
425
428
428
424
427
425
428
431
431
429
428
430
435
432
438
438
439
446
442
444
444
444
449
445
442
445
442
443
443
