774
774
775
774
774
774
774
774
774
774
774
775
774
774
775
774
774
775
774
774
775
774
774
774
774
774
774
774
775
774
774
774
774
774
774
774
774
774
774
774
774
774
774
774
775
774
774
774
774
774
774
775
774
774
774
774
774
774
774
774
774
774
774
774
774
774
774
774
774
774
774
775
775
774
774
774
774
774
774
774
774
774
774
774
774
774
774
774
774
774
774
774
774
774
774
774
774
774
774
774
774
774
774
774
774
774
774
774
774
774
774
775
774
774
774
774
774
774
774
774
774
774
774
774
774
775
774
774
775
774
774
774
774
774
774
774
774
774
774
774
774
774
774
774
774
774
774
774
774
774
774
774
774
774
774
774
774
774
774
774
774
774
774
774
774
774
774
774
774
774
774
774
774
774
774
774
774
774
774
774
774
774
775
774
774
774
774
774
774
774
774
774
774
774
774
774
774
774
774
774
774
774
774
774
774
774
774
774
774
774
774
774
774
774
774
774
774
774
774
774
774
774
774
774
774
774
774
774
774
774
774
774
774
774
774
774
774
774
774
774
774
774
774
774
774
774
774
774
774
774
775
774
774
774
774
774
774
774
774
774
774
774
774
774
774
774
774
774
774
774
774
774
774
774
774
774
774
774
774
774
774
774
774
774
774
774
774
774
774
774
774
774
774
774
774
774
775
774
774
774
774
775
774
774
774
774
774
775
774
774
774
774
774
774
774
774
774
774
775
774
774
774
775
775
774
774
774
774
774
774
774
774
775
774
774
774
774
774
774
774
774
774
774
774
774
774
774
774
774
774
774
774
774
774
774
774
774
774
774
774
774
774
774
774
774
774
774
774
774
774
774
774
774
774
775
774
774
774
774
774
775
775
774
774
774
775
774
774
774
774
775
774
774
774
774
774
775
774
775
774
774
774
774
774
774
774
774
774
774
774
774
774
774
774
774
774
774
774
774
774
774
775
775
775
774
775
774
774
774
774
774
774
774
774
774
774
774
774
774
774
774
774
774
774
775
775
774
774
774
775
775
774
774
774
775
774
774
774
774
774
774
774
775
774
774
774
774
774
774
775
774
774
774
774
774
774
775
769
735
675
606
530
476
456
457
468
502
549
605
665
729
784
820
844
850
848
823
779
719
661
617
581
573
573
573
573
573
573
574
574
573
574
573
573
573
573
573
573
573
573
573
573
573
573
573
573
573
573
573
573
573
573
572
573
573
573
573
573
573
573
573
573
573
573
573
573
573
573
573
572
573
573
573
573
573
573
573
573
573
573
573
573
573
573
573
573
573
573
573
573
573
572
573
573
573
573
573
573
573
573
573
572
573
573
573
573
573
573
573
573
573
573
573
573
573
573
573
573
573
573
573
573
573
573
573
573
573
573
573
573
572
573
573
573
573
573
573
573
573
573
573
572
573
573
573
573
573
573
573
572
573
573
573
573
573
573
573
573
572
573
573
573
573
573
573
572
573
573
572
573
573
573
573
573
573
573
573
573
573
573
573
573
573
573
573
573
573
573
573
573
573
573
572
573
573
573
573
573
573
573
573
573
573
573
573
573
573
573
573
573
573
573
573
573
573
573
573
573
573
573
573
573
573
573
573
573
573
573
573
573
573
573
573
573
573
573
573
573
573
573
573
573
573
573
573
573
572
573
573
573
572
573
573
573
573
573
573
572
573
572
573
572
573
573
573
573
572
573
572
573
572
573
573
573
573
573
574
573
573
573
573
573
573
573
572
572
573
573
573
573
573
573
573
573
573
573
573
573
573
572
573
573
573
573
573
572
573
573
573
573
573
573
573
573
573
573
573
573
573
573
573
573
573
573
573
573
573
573
573
572
573
573
573
573
573
573
572
573
572
572
573
573
573
573
573
573
573
572
573
572
573
572
573
573
573
573
573
573
573
573
573
573
573
573
573
573
573
573
573
573
573
573
573
573
573
573
573
573
573
573
573
573
573
573
572
573
573
573
573
573
572
573
573
573
573
572
573
573
573
573
573
573
573
573
573
572
573
573
572
573
573
573
573
573
573
572
573
573
573
573
573
573
573
573
573
573
573
573
573
573
573
573
573
572
572
573
573
573
573
573
573
573
573
572
573
573
572
573
573
573
573
573
572
573
572
573
573
573
573
573
573
573
573
573
573
573
573
572
573
573
573
573
572
573
573
573
573
573
573
573
573
573
573
573
573
573
573
573
573
573
573
573
573
573
573
573
572
573
573
573
573
573
572
573
573
572
573
573
573
573
573
573
573
572
573
573
