597
597
598
598
597
598
597
597
598
597
597
597
597
597
597
597
597
597
598
597
597
598
597
597
597
597
597
597
597
597
598
597
598
597
597
597
597
597
597
597
597
598
597
597
597
598
597
597
597
597
597
597
598
598
597
598
597
598
597
597
597
597
597
597
597
597
598
597
597
597
598
598
598
597
597
598
597
597
597
597
597
597
597
598
597
597
597
597
597
597
597
598
597
597
597
597
597
598
597
597
597
598
597
597
597
597
597
598
597
597
597
597
597
598
598
597
597
598
598
597
597
597
598
598
597
597
597
597
597
597
598
597
598
597
597
597
597
597
597
597
598
597
597
597
597
597
598
597
597
597
598
597
597
597
597
597
598
597
597
598
597
597
597
597
597
597
597
597
598
597
597
597
597
597
597
597
597
597
597
597
597
597
597
597
597
597
597
597
597
597
597
597
597
597
597
598
597
597
597
597
597
597
597
597
597
597
597
597
597
597
598
597
597
597
597
597
597
597
597
597
597
597
597
597
597
597
597
597
597
597
597
597
597
597
597
597
597
597
597
597
597
597
597
597
597
597
597
597
597
597
597
597
597
597
597
597
597
597
597
597
597
597
597
597
597
597
597
597
597
597
597
597
597
597
597
597
597
597
597
597
597
597
597
597
597
597
597
597
597
597
597
597
597
597
597
597
597
597
597
597
597
597
597
597
597
597
597
597
597
597
597
597
597
597
597
597
597
597
597
597
597
597
597
597
597
597
597
597
597
597
597
597
597
597
597
597
597
597
597
597
597
597
597
597
598
597
597
597
597
597
597
597
597
597
597
597
597
597
597
597
597
597
597
597
597
597
597
597
597
597
597
597
597
597
597
597
597
597
597
597
597
597
597
597
597
597
597
597
597
597
597
597
597
597
597
597
597
597
597
597
597
597
597
597
597
597
598
597
597
598
597
597
597
597
597
597
598
597
597
597
597
597
597
597
597
597
597
597
597
598
597
597
597
597
597
597
597
597
597
597
597
597
597
597
598
597
597
597
597
597
597
597
597
597
597
597
597
597
597
597
597
597
597
597
597
597
597
597
597
597
598
598
597
597
598
597
597
597
597
597
597
598
597
597
597
597
597
597
597
597
597
597
597
597
597
597
597
597
597
597
597
597
597
597
597
597
597
597
597
598
597
597
600
613
628
651
676
700
727
753
782
808
830
838
837
832
815
788
761
730
698
662
628
589
552
521
490
459
428
406
391
380
378
375
374
375
375
374
374
374
375
374
375
375
374
375
375
375
375
375
375
374
375
375
375
375
375
374
375
375
375
375
375
375
375
375
375
375
375
375
375
375
375
375
374
375
375
375
375
375
375
374
375
375
375
375
374
375
375
375
375
375
375
375
375
375
375
375
375
375
375
375
375
375
375
375
375
375
375
375
375
375
375
375
375
375
375
375
375
375
375
375
375
375
375
375
375
375
375
375
375
375
375
375
375
375
375
375
375
375
375
375
375
375
375
375
375
375
375
375
375
375
375
375
375
375
375
375
375
375
375
375
375
375
375
375
375
375
375
375
375
375
375
375
375
375
375
375
375
375
375
375
375
375
375
375
375
375
375
375
375
375
375
375
375
375
375
375
375
375
375
375
375
375
375
375
375
375
375
375
375
375
375
375
375
375
375
375
375
375
375
375
375
375
375
375
375
375
375
375
375
375
375
375
375
375
375
375
375
375
375
375
375
375
375
375
375
375
375
375
375
375
375
375
375
375
375
375
375
375
375
375
375
375
375
375
375
375
376
375
375
375
375
375
375
375
375
375
375
375
375
375
375
375
375
375
375
375
375
375
375
375
375
375
375
375
375
375
375
375
375
375
375
375
375
375
375
375
375
375
375
375
375
375
374
375
375
375
375
375
375
375
375
375
375
375
375
375
375
375
375
375
375
375
375
375
375
375
375
375
375
375
375
375
375
375
375
375
375
375
375
375
375
375
375
375
375
375
375
375
375
375
375
375
375
375
375
375
375
375
375
375
375
375
375
375
375
375
375
375
375
375
375
375
375
375
375
375
375
375
375
375
375
375
375
375
375
375
375
375
375
375
375
375
375
375
375
375
375
375
375
375
375
375
375
375
375
375
374
375
375
375
375
375
375
375
375
375
375
375
375
375
375
375
375
375
375
375
375
375
375
375
375
375
375
375
375
375
375
375
375
375
375
375
375
375
375
375
375
375
375
375
375
375
375
375
375
375
375
375
375
375
375
375
375
375
375
375
375
375
375
375
375
375
375
375
