767
767
768
767
768
767
767
768
767
767
767
767
767
767
767
767
768
768
767
767
767
767
768
767
767
768
767
767
768
767
767
768
767
767
767
767
767
767
767
767
767
767
767
768
767
767
767
767
767
767
768
768
768
767
767
767
768
767
767
768
767
768
768
767
767
768
767
767
768
767
768
767
768
767
767
767
767
767
767
767
767
767
767
767
767
767
767
768
767
767
767
767
767
767
767
767
767
767
767
767
767
767
768
767
767
768
768
767
768
767
768
768
767
767
768
767
767
768
767
767
767
767
767
767
767
767
767
767
767
767
767
767
767
767
767
767
768
767
767
767
767
767
767
767
767
767
767
767
767
767
767
767
767
767
767
768
767
768
767
767
767
767
767
767
767
767
767
767
767
767
768
767
767
767
767
767
767
767
767
767
767
767
767
767
767
767
767
767
767
768
767
767
767
767
767
767
767
767
767
767
767
767
767
767
767
768
767
767
768
767
767
767
767
767
767
767
767
767
767
767
767
767
767
767
767
767
767
767
767
767
767
768
768
767
767
767
767
768
767
767
767
767
767
768
767
767
767
767
767
767
767
767
767
767
767
767
767
767
767
767
768
767
767
767
767
767
768
768
767
767
767
767
767
767
767
767
767
767
767
768
767
768
767
767
767
767
767
767
767
767
768
767
768
767
768
767
767
767
768
768
767
767
767
767
768
767
767
768
767
767
768
768
767
767
767
767
767
767
767
767
768
768
767
768
768
767
767
767
767
767
767
767
768
767
767
767
768
767
767
767
767
767
767
767
767
767
768
767
768
767
767
767
768
767
768
767
767
767
767
767
767
768
768
767
767
767
767
767
767
767
767
768
767
767
767
767
768
768
767
767
767
768
768
767
767
768
767
767
768
767
767
768
767
767
767
767
767
768
767
767
767
767
767
768
768
767
767
767
767
768
767
767
767
767
767
767
767
767
767
767
768
767
767
767
767
767
767
767
767
767
767
767
768
772
791
817
848
889
930
946
961
979
998
1013
1014
1010
992
969
944
901
832
763
703
652
614
587
581
581
581
581
581
581
581
581
581
581
581
581
581
581
581
581
581
581
581
581
581
581
580
581
581
581
581
581
581
581
581
581
580
581
581
581
581
581
581
581
581
581
581
581
581
581
581
581
581
580
581
581
581
581
580
580
581
581
581
581
581
581
581
581
581
581
581
580
581
581
580
581
581
581
581
581
581
581
581
581
580
581
581
581
581
581
581
580
581
580
581
581
581
581
581
580
581
580
581
581
581
581
580
581
580
581
581
581
580
581
581
581
581
581
581
581
581
581
580
581
581
580
581
581
580
581
581
581
581
580
581
581
581
581
581
581
581
581
581
581
581
581
581
581
581
581
581
581
581
580
581
581
581
581
580
581
580
580
581
581
581
581
581
581
581
581
581
581
581
581
581
581
581
581
581
580
581
581
581
581
581
581
581
581
581
580
581
581
581
581
581
581
581
581
580
581
581
581
581
581
581
581
581
580
581
581
580
581
581
581
581
581
581
581
581
581
581
581
581
581
581
581
580
581
580
581
581
581
581
581
580
581
580
581
580
581
581
581
581
581
581
581
581
581
580
581
581
581
581
581
581
581
581
581
581
580
580
581
581
581
581
581
581
581
581
580
581
581
581
581
581
581
581
581
581
581
581
581
581
581
581
581
581
581
581
581
581
581
581
581
581
581
581
581
581
581
581
581
581
581
580
581
581
581
581
581
580
580
581
581
581
581
581
581
581
581
581
581
581
581
581
581
581
581
581
581
581
581
581
580
581
581
580
581
581
581
581
581
581
581
581
581
581
581
580
581
580
581
581
580
581
581
581
581
581
580
581
581
581
581
581
581
581
581
581
581
581
581
581
581
581
581
581
581
581
581
581
581
581
581
581
581
581
580
581
581
581
581
581
581
581
581
581
580
581
581
580
581
581
581
581
581
581
581
581
581
581
580
580
581
581
581
581
581
581
581
581
580
581
581
581
581
581
581
581
581
581
581
581
581
581
581
580
581
581
581
581
581
581
581
581
581
581
581
581
581
581
581
581
580
581
581
581
581
581
581
581
581
580
581
580
581
581
581
581
581
581
581
581
580
581
581
581
581
581
581
581
581
581
581
581
581
581
581
581
581
581
581
581
581
581
581
581
581
581
581
581
581
581
581
581
581
581
581
581
581
581
581
581
581
581
581
581
581
581
581
580
581
581
581
581
581
580
580
581
581
581
581
581
581
581
581
581
581
581
581
581
581
580
581
